9
8
8
10
9
4
8
3
6
4
2
5
10
5
6
2
10
10
3
5
4
9
10
10
1
2
1
3
6
5
9
4
7
10
7
2
10
1
10
4
5
6
3
5
10
8
10
4
1
5
8
9
8
9
9
1
3
1
10
3
2
10
3
8
7
5
6
4
6
10
2
9
8
10
7
4
5
10
3
10
3
6
5
10
4
4
2
7
6
3
10
5
8
10
9
10
1
5
2
5
1
8
6
2
10
9
10
9
10
7
10
9
4
2
10
8
1
5
6
10
10
10
1
2
9
10
2
2
7
1
10
10
3
1
10
10
5
6
8
9
5
1
8
7
6
10
4
10
10
10
7
10
6
3
5
2
6
6
10
7
4
8
4
4
5
10
10
5
1
10
10
9
9
1
10
9
3
9
8
2
8
6
10
8
10
4
7
5
9
9
3
10
8
10
10
7
2
6
6
10
9
4
10
7
4
9
6
10
3
9
2
10
7
10
2
3
3
10
4
4
1
4
10
1
1
4
9
10
5
10
6
4
10
10
3
7
6
1
10
10
10
10
10
10
6
2
9
8
9
7
7
5
1
8
8
10
1
4
10
10
3
7
10
6
10
8
3
2
10
1
8
3
1
10
4
7
1
10
10
10
1
5
7
10
3
10
10
8
4
10
2
7
10
5
2
3
7
6
6
10
2
10
7
10
1
10
1
2
1
10
10
10
10
10
5
2
10
2
8
10
5
10
10
7
4
5
1
7
10
10
10
10
10
10
10
10
4
6
6
5
3
10
7
10
1
10
8
10
2
4
8
9
6
9
10
1
10
3
10
9
3
7
5
6
10
7
5
10
8
3
9
10
10
3
6
10
3
7
5
7
2
8
10
6
9
5
10
10
10
4
9
2
3
10
10
7
10
10
10
3
10
2
4
4
7
10
1
3
8
8
2
8
6
10
2
10
