8
8
5
1
3
7
10
7
10
4
10
2
4
10
6
10
10
6
10
6
2
4
6
2
7
8
10
8
7
9
2
10
10
5
9
5
10
10
1
6
10
4
2
10
4
10
6
4
2
9
4
10
10
4
7
6
7
1
4
4
9
10
6
7
10
2
6
9
10
3
2
5
4
10
10
1
10
8
10
10
1
10
10
7
3
8
7
3
1
1
8
7
10
2
9
5
1
6
5
1
10
10
2
6
10
1
2
9
10
10
4
4
10
6
10
9
8
10
8
7
2
4
2
7
10
10
6
10
6
10
10
9
10
10
10
9
6
4
7
8
10
9
4
1
1
4
10
9
9
3
8
1
6
10
9
10
3
3
10
3
1
3
5
1
3
8
10
10
9
5
10
4
4
10
6
5
10
5
9
5
3
9
9
9
10
3
6
10
3
10
8
8
10
8
10
7
5
10
10
10
8
6
7
10
1
6
2
5
10
10
10
10
4
6
8
4
10
1
10
10
10
10
9
3
4
10
6
2
1
5
4
10
3
9
9
2
6
4
4
10
10
5
2
10
10
10
8
10
1
2
10
2
3
5
10
8
10
10
7
10
5
1
10
4
10
4
1
8
7
3
10
6
10
10
5
3
10
2
2
10
5
5
10
5
7
7
10
7
2
7
7
5
8
2
7
9
7
6
2
5
3
9
3
2
9
2
9
4
1
2
8
10
2
1
8
3
2
5
10
10
8
1
10
2
1
10
10
6
7
10
7
10
10
6
4
2
7
10
3
10
3
4
7
10
5
10
6
3
5
5
9
2
10
10
10
10
1
1
8
6
4
5
10
7
10
3
8
6
9
5
8
7
5
3
10
10
10
10
10
10
8
9
1
7
1
8
7
6
10
9
3
6
10
1
5
3
4
5
10
10
9
8
10
3
10
3
8
1
10
9
3
8
3
10
10
1
